clade_name	KH_blank_1_jun23_nreads	KH_blank_2_jun23_nreads	LB_blank_1_jun23_nreads	LB_blank_2_jun23_nreads	MS10790_jun23_nreads	MS10902_jun23_nreads	MS10903_jun23_nreads	MS10904_jun23_nreads	MS11102_jun23_nreads	MS11103_jun23_nreads	MS11107_jun23_nreads	MS11108_jun23_nreads	WH_blank_1_jun23_nreads	WH_blank_2_jun23_nreads
s__Cutibacterium_acnes	0.0	0.0	0.0	51.15283	0.0	0.0	0.0	0.0	0.0	0.0	0.0	0.0	0.0	0.0
s__Methylorubrum_extorquens	0.0	0.0	0.0	32.08224	0.0	0.0	0.0	0.0	0.0	0.0	0.0	0.0	0.0	0.0
s__Phreatobacter_oligotrophus	0.0	0.0	0.0	8.41812	0.0	0.0	0.0	0.0	0.0	0.0	0.0	0.0	0.0	0.0
s__Mesorhizobium_amorphae	0.0	0.0	0.0	8.34682	0.0	0.0	0.0	0.0	0.0	0.0	0.0	0.0	0.0	0.0
s__Streptosporangium_violaceochromogenes	0.0	0.0	0.0	0.0	63.27505	56.09052	64.74209	18.47667	81.23431	47.2137	4.61688	3.93304	0.0	0.0
s__Peribacillus_simplex	0.0	0.0	0.0	0.0	6.2616	0.0	0.0	0.0	0.0	0.0	0.0	0.0	0.0	0.0
s__Metabacillus_idriensis	0.0	0.0	0.0	0.0	5.33011	0.0	0.0	0.0	0.0	0.0	0.0	0.0	0.0	0.0
s__Afipia_sp_Root123D2	0.0	0.0	0.0	0.0	4.48664	0.0	0.0	0.0	0.0	0.0	0.0	0.0	0.0	0.0
s__Peribacillus_frigoritolerans	0.0	0.0	0.0	0.0	4.05125	0.0	0.0	0.0	0.0	0.0	0.0	0.0	0.0	0.0
s__Chryseosolibacter_histidini	0.0	0.0	0.0	0.0	3.03017	0.0	0.0	0.0	0.0	0.0	0.0	0.0	0.0	0.0
s__Pseudoxanthomonas_mexicana	0.0	0.0	0.0	0.0	2.13124	0.0	0.0	0.0	0.0	0.0	0.0	0.0	0.0	0.0
s__Chitinophaga_alhagiae	0.0	0.0	0.0	0.0	1.96068	0.0	0.0	0.0	0.0	0.0	0.0	0.0	0.0	0.0
s__Gottfriedia_solisilvae	0.0	0.0	0.0	0.0	1.94998	0.0	0.0	0.0	0.0	0.0	0.0	0.0	0.0	0.0
s__Exiguobacterium_sibiricum	0.0	0.0	0.0	0.0	1.6425	0.0	0.0	0.0	0.0	0.0	0.0	0.0	0.0	0.0
s__Mesorhizobium_sp_YM1C_6_2	0.0	0.0	0.0	0.0	1.02655	0.0	0.0	0.0	0.0	0.0	0.0	0.04076	0.0	0.0
s__Chitinophaga_sp_GbtcB8	0.0	0.0	0.0	0.0	0.84176	0.0	0.0	0.0	0.06745	0.0	0.0	0.0	0.0	0.0
s__Bosea_thiooxidans	0.0	0.0	0.0	0.0	0.77982	0.0	0.0	0.0	0.0	0.0	0.0	0.0	0.0	0.0
s__Streptomyces_sp_136MFCol5_1	0.0	0.0	0.0	0.0	0.65432	0.0	0.0	0.0	0.0	0.0	0.0	0.0	0.0	0.0
s__Neobacillus_niacini	0.0	0.0	0.0	0.0	0.62093	0.0	0.0	0.0	0.0	0.0	0.0	0.0	0.0	0.0
s__Bacillus_sp_FJAT_22090	0.0	0.0	0.0	0.0	0.47782	0.0	0.0	0.0	0.0	0.0	0.0	0.0	0.0	0.0
s__GGB2582_SGB3495	0.0	0.0	0.0	0.0	0.45769	0.0	0.0	0.0	0.0	0.0	0.0	0.0	0.0	0.0
s__Bacillus_sp_AFS031507	0.0	0.0	0.0	0.0	0.2844	0.0	0.0	0.0	0.0	0.0	0.0	0.0	0.0	0.0
s__Bacillus_sp_EAC	0.0	0.0	0.0	0.0	0.17607	0.0	0.0	0.0	0.0	0.0	0.0	0.0	0.0	0.0
s__Vitreimonas_flagellata	0.0	0.0	0.0	0.0	0.15263	0.0	0.0	0.0	0.0	0.0	0.0	0.0	0.0	0.0
s__Pseudoxanthomonas_yeongjuensis	0.0	0.0	0.0	0.0	0.13484	0.0	0.0	0.0	0.0	0.0	0.0	0.10241	0.0	0.0
s__Bacillus_sp_FJAT_26652	0.0	0.0	0.0	0.0	0.10063	0.0	0.0	0.0	0.0	0.0	0.0	0.0	0.0	0.0
s__Niabella_pedocola	0.0	0.0	0.0	0.0	0.07648	0.0	0.0	0.0	0.0	0.0	0.0	0.0	0.0	0.0
s__Citrobacter_braakii	0.0	0.0	0.0	0.0	0.06795	0.0	0.0	0.0	0.0	0.0	0.0	0.0	0.0	0.0
s__Sphingopyxis_sp_GW247_27LB	0.0	0.0	0.0	0.0	0.0289	0.0	0.0	0.0	0.0	0.0	0.0	0.0	0.0	0.0
s__Actinomadura_citrea	0.0	0.0	0.0	0.0	0.0	22.08534	0.0	0.0	0.0	0.0	0.0	0.0	0.0	0.0
s__GGB32963_SGB71265	0.0	0.0	0.0	0.0	0.0	10.07435	6.19579	0.0	0.6581	0.80514	4.64336	0.31734	0.0	0.0
s__GGB32910_SGB54460	0.0	0.0	0.0	0.0	0.0	4.31103	11.00731	0.0	0.50059	0.1129	6.48338	0.24837	0.0	0.0
s__GGB32963_SGB54433	0.0	0.0	0.0	0.0	0.0	2.90958	0.0	0.0	0.2382	0.46233	1.7917	0.20265	0.0	0.0
s__Streptosporangium_pseudovulgare	0.0	0.0	0.0	0.0	0.0	2.01838	3.19725	0.0	0.8157	3.81622	0.33862	0.33255	0.0	0.0
s__Streptosporangium_saharense	0.0	0.0	0.0	0.0	0.0	1.52833	1.23159	0.0	0.4966	2.13263	0.18573	0.19741	0.0	0.0
s__Stackebrandtia_nassauensis	0.0	0.0	0.0	0.0	0.0	0.98246	0.0	0.0	0.0	0.0	0.0	0.0	0.0	0.0
s__GGB16996_SGB25597	0.0	0.0	0.0	0.0	0.0	0.0	9.38273	0.0	0.0	0.0	0.0	0.0	0.0	0.0
s__GGB91291_SGB134920	0.0	0.0	0.0	0.0	0.0	0.0	3.99706	0.0	0.06826	0.0	0.22885	0.02827	0.0	0.0
s__Streptosporangium_roseum	0.0	0.0	0.0	0.0	0.0	0.0	0.24618	0.0	0.35159	0.96853	0.10245	0.1018	0.0	0.0
s__GGB92440_SGB133106	0.0	0.0	0.0	0.0	0.0	0.0	0.0	44.16621	0.0	0.0	0.51243	0.1024	0.0	0.0
s__Sutcliffiella_halmapala	0.0	0.0	0.0	0.0	0.0	0.0	0.0	24.86851	0.0	0.0	0.0	0.0	0.0	0.0
s__GGB7499_SGB138240	0.0	0.0	0.0	0.0	0.0	0.0	0.0	9.21997	0.0	0.0	0.0	0.0	0.0	0.0
s__Afipia_felis	0.0	0.0	0.0	0.0	0.0	0.0	0.0	1.49009	0.0	0.0	0.0	0.0	0.0	0.0
s__Starkeya_sp_ORNL1	0.0	0.0	0.0	0.0	0.0	0.0	0.0	1.47982	0.0	0.0	0.0	0.0	0.0	0.0
s__Hyphomicrobium_sp_CS1BSMeth3	0.0	0.0	0.0	0.0	0.0	0.0	0.0	0.29874	0.0	0.0	0.00471	0.0	0.0	0.0
s__GGB53673_SGB74810	0.0	0.0	0.0	0.0	0.0	0.0	0.0	0.0	6.88191	11.95038	8.56989	10.16961	0.0	0.0
s__Nitrososphaerales_archaeon_TH5893	0.0	0.0	0.0	0.0	0.0	0.0	0.0	0.0	1.80557	5.84441	12.88372	4.13716	0.0	0.0
s__GGB53671_SGB122549	0.0	0.0	0.0	0.0	0.0	0.0	0.0	0.0	0.99878	12.69711	4.28308	16.07194	0.0	0.0
s__Kibdelosporangium_sp_MJ126_NF4	0.0	0.0	0.0	0.0	0.0	0.0	0.0	0.0	0.84008	0.0	0.0	0.0	0.0	0.0
s__GGB93439_SGB131938	0.0	0.0	0.0	0.0	0.0	0.0	0.0	0.0	0.75053	1.48874	8.01621	1.7247	0.0	0.0
s__GGB52786_SGB73699	0.0	0.0	0.0	0.0	0.0	0.0	0.0	0.0	0.53262	0.19185	5.37055	3.8937	0.0	0.0
s__GGB53661_SGB74794	0.0	0.0	0.0	0.0	0.0	0.0	0.0	0.0	0.42467	0.0	0.0	2.4499	0.0	0.0
s__Thermobispora_bispora	0.0	0.0	0.0	0.0	0.0	0.0	0.0	0.0	0.30931	1.21062	0.06065	0.13224	0.0	0.0
s__GGB91399_SGB134831	0.0	0.0	0.0	0.0	0.0	0.0	0.0	0.0	0.25309	0.36146	2.03733	0.60872	0.0	0.0
s__Hyphomicrobium_album	0.0	0.0	0.0	0.0	0.0	0.0	0.0	0.0	0.23175	0.76384	0.78951	0.52311	0.0	0.0
s__Acinetobacter_johnsonii	0.0	0.0	0.0	0.0	0.0	0.0	0.0	0.0	0.15894	0.0	0.0	0.0	0.0	0.0
s__GGB64512_SGB129861	0.0	0.0	0.0	0.0	0.0	0.0	0.0	0.0	0.15143	0.19174	0.5968	0.5872	0.0	0.0
s__GGB94458_SGB128668	0.0	0.0	0.0	0.0	0.0	0.0	0.0	0.0	0.12222	0.40831	0.19787	0.08249	0.0	0.0
s__GGB94865_SGB129202	0.0	0.0	0.0	0.0	0.0	0.0	0.0	0.0	0.1152	0.36355	1.04689	0.53338	0.0	0.0
s__Nitrososphaerales_unclassified_SGB74812	0.0	0.0	0.0	0.0	0.0	0.0	0.0	0.0	0.11039	0.8471	0.05893	0.0	0.0	0.0
s__Streptosporangium_subroseum	0.0	0.0	0.0	0.0	0.0	0.0	0.0	0.0	0.10864	0.33571	0.03685	0.03377	0.0	0.0
s__Phyllobacteriaceae_bacterium_SYSU_D60010	0.0	0.0	0.0	0.0	0.0	0.0	0.0	0.0	0.09885	0.1607	0.0	0.05318	0.0	0.0
s__GGB15815_SGB24062	0.0	0.0	0.0	0.0	0.0	0.0	0.0	0.0	0.08796	0.0	0.99114	0.08654	0.0	0.0
s__Nitrososphaerales_archaeon_TH5896	0.0	0.0	0.0	0.0	0.0	0.0	0.0	0.0	0.08713	1.08069	0.0	0.06747	0.0	0.0
s__Nitrososphaerales_unclassified_SGB69554	0.0	0.0	0.0	0.0	0.0	0.0	0.0	0.0	0.07888	0.22352	0.29276	0.1541	0.0	0.0
s__Thermostaphylospora_chromogena	0.0	0.0	0.0	0.0	0.0	0.0	0.0	0.0	0.07873	0.29032	0.02513	0.0347	0.0	0.0
s__Nitrospira_sp_SCGC_AG_212_E16	0.0	0.0	0.0	0.0	0.0	0.0	0.0	0.0	0.07751	0.14211	0.62255	0.09563	0.0	0.0
s__GGB91384_SGB134809	0.0	0.0	0.0	0.0	0.0	0.0	0.0	0.0	0.07353	0.0	0.69849	0.10339	0.0	0.0
s__GGB44132_SGB129180	0.0	0.0	0.0	0.0	0.0	0.0	0.0	0.0	0.07019	0.18908	0.43069	0.37921	0.0	0.0
s__GGB64869_SGB87702	0.0	0.0	0.0	0.0	0.0	0.0	0.0	0.0	0.06461	0.02261	0.0487	0.03427	0.0	0.0
s__GGB91375_SGB134870	0.0	0.0	0.0	0.0	0.0	0.0	0.0	0.0	0.05618	0.0	0.47864	0.0537	0.0	0.0
s__Streptosporangium_amethystogenes	0.0	0.0	0.0	0.0	0.0	0.0	0.0	0.0	0.05535	0.16753	0.0227	0.01181	0.0	0.0
s__Rhodospirillaceae_bacterium_SYSU_D60009	0.0	0.0	0.0	0.0	0.0	0.0	0.0	0.0	0.0542	0.07164	0.39117	0.08035	0.0	0.0
s__GGB91392_SGB134812	0.0	0.0	0.0	0.0	0.0	0.0	0.0	0.0	0.05315	0.0	0.84663	0.11502	0.0	0.0
s__Hyphomicrobiales_bacterium	0.0	0.0	0.0	0.0	0.0	0.0	0.0	0.0	0.04632	0.36533	0.22448	0.21985	0.0	0.0
s__GGB14621_SGB22159	0.0	0.0	0.0	0.0	0.0	0.0	0.0	0.0	0.04572	0.0	0.52108	0.04946	0.0	0.0
s__GGB89632_SGB125949	0.0	0.0	0.0	0.0	0.0	0.0	0.0	0.0	0.03996	0.24268	0.11214	0.0	0.0	0.0
s__GGB52660_SGB131926	0.0	0.0	0.0	0.0	0.0	0.0	0.0	0.0	0.03818	0.0	1.21569	0.17825	0.0	0.0
s__GGB63470_SGB85778	0.0	0.0	0.0	0.0	0.0	0.0	0.0	0.0	0.03759	0.0	0.47943	0.00578	0.0	0.0
s__GGB64512_SGB87014	0.0	0.0	0.0	0.0	0.0	0.0	0.0	0.0	0.03529	0.07957	0.36298	0.333	0.0	0.0
s__Luteimonas_sp_SX5	0.0	0.0	0.0	0.0	0.0	0.0	0.0	0.0	0.03485	0.0	0.0	0.0	0.0	0.0
s__Thermoleophilia_bacterium_SCSIO_60948	0.0	0.0	0.0	0.0	0.0	0.0	0.0	0.0	0.0333	0.10915	0.19144	0.11766	0.0	0.0
s__GGB8467_SGB13173	0.0	0.0	0.0	0.0	0.0	0.0	0.0	0.0	0.03324	0.0	0.66778	0.06349	0.0	0.0
s__Lentzea_tibetensis	0.0	0.0	0.0	0.0	0.0	0.0	0.0	0.0	0.03252	0.01463	0.0	0.00892	0.0	0.0
s__GGB91402_SGB134821	0.0	0.0	0.0	0.0	0.0	0.0	0.0	0.0	0.032	0.0	0.38898	0.04512	0.0	0.0
s__GGB91395_SGB134845	0.0	0.0	0.0	0.0	0.0	0.0	0.0	0.0	0.03103	0.0	0.42587	0.03513	0.0	0.0
s__GGB91397_SGB134825	0.0	0.0	0.0	0.0	0.0	0.0	0.0	0.0	0.03005	0.0	1.1125	0.09414	0.0	0.0
s__Steroidobacter_denitrificans	0.0	0.0	0.0	0.0	0.0	0.0	0.0	0.0	0.02967	0.0	0.04661	0.01459	0.0	0.0
s__Betaproteobacteria_bacterium_SCGC_AG_212_J23	0.0	0.0	0.0	0.0	0.0	0.0	0.0	0.0	0.02854	0.0	0.53727	0.05796	0.0	0.0
s__GGB15820_SGB24072	0.0	0.0	0.0	0.0	0.0	0.0	0.0	0.0	0.02564	0.0	0.53921	0.06813	0.0	0.0
s__Gaiella_occulta	0.0	0.0	0.0	0.0	0.0	0.0	0.0	0.0	0.02526	0.0	0.19831	0.07891	0.0	0.0
s__Streptosporangium_becharense	0.0	0.0	0.0	0.0	0.0	0.0	0.0	0.0	0.02246	0.07319	0.0	0.00848	0.0	0.0
s__GGB34943_SGB57189	0.0	0.0	0.0	0.0	0.0	0.0	0.0	0.0	0.02174	0.0	0.80269	0.10922	0.0	0.0
s__Nitrososphaerales_archaeon_TH526	0.0	0.0	0.0	0.0	0.0	0.0	0.0	0.0	0.02087	0.04108	0.49845	0.14766	0.0	0.0
s__GGB94514_SGB128778	0.0	0.0	0.0	0.0	0.0	0.0	0.0	0.0	0.02009	0.23101	0.2766	0.1341	0.0	0.0
s__GGB64512_SGB129853	0.0	0.0	0.0	0.0	0.0	0.0	0.0	0.0	0.01953	0.0	1.07735	0.26018	0.0	0.0
s__GGB52740_SGB73645	0.0	0.0	0.0	0.0	0.0	0.0	0.0	0.0	0.01652	0.02327	0.25016	0.0951	0.0	0.0
s__GGB65186_SGB88148	0.0	0.0	0.0	0.0	0.0	0.0	0.0	0.0	0.01427	0.0	0.06221	0.01119	0.0	0.0
s__Luteimonas_gilva	0.0	0.0	0.0	0.0	0.0	0.0	0.0	0.0	0.01353	0.0	0.0	0.0	0.0	0.0
s__Kribbella_catacumbae	0.0	0.0	0.0	0.0	0.0	0.0	0.0	0.0	0.01292	0.0	0.0	0.0	0.0	0.0
s__Sinosporangium_album	0.0	0.0	0.0	0.0	0.0	0.0	0.0	0.0	0.01204	0.06099	0.0	0.0	0.0	0.0
s__GGB69372_SGB93527	0.0	0.0	0.0	0.0	0.0	0.0	0.0	0.0	0.01115	0.11217	0.15073	0.1266	0.0	0.0
s__GGB64317_SGB86773	0.0	0.0	0.0	0.0	0.0	0.0	0.0	0.0	0.00946	0.0	0.19559	0.07787	0.0	0.0
s__GGB94644_SGB128987	0.0	0.0	0.0	0.0	0.0	0.0	0.0	0.0	0.00943	0.0	0.14282	0.09486	0.0	0.0
s__GGB78212_SGB107748	0.0	0.0	0.0	0.0	0.0	0.0	0.0	0.0	0.00703	0.02162	0.11849	0.09641	0.0	0.0
s__Streptosporangium_sp_KLBMP_9127	0.0	0.0	0.0	0.0	0.0	0.0	0.0	0.0	0.00693	0.0382	0.0	0.0	0.0	0.0
s__GGB94471_SGB128739	0.0	0.0	0.0	0.0	0.0	0.0	0.0	0.0	0.00674	0.0	0.11001	0.11266	0.0	0.0
s__Streptosporangium_album	0.0	0.0	0.0	0.0	0.0	0.0	0.0	0.0	0.00645	0.02537	0.0	0.0	0.0	0.0
s__GGB44392_SGB61810	0.0	0.0	0.0	0.0	0.0	0.0	0.0	0.0	0.00625	0.0	0.03162	0.0	0.0	0.0
s__GGB52794_SGB73708	0.0	0.0	0.0	0.0	0.0	0.0	0.0	0.0	0.00384	0.0	0.0	0.00131	0.0	0.0
s__Acidothermus_cellulolyticus	0.0	0.0	0.0	0.0	0.0	0.0	0.0	0.0	0.00375	0.0	0.0	0.0	0.0	0.0
s__Planobispora_siamensis	0.0	0.0	0.0	0.0	0.0	0.0	0.0	0.0	0.00328	0.0	0.0	0.0	0.0	0.0
s__GGB43991_SGB61363	0.0	0.0	0.0	0.0	0.0	0.0	0.0	0.0	0.00314	0.0	0.0	0.0	0.0	0.0
s__Thermoactinospora_rubra	0.0	0.0	0.0	0.0	0.0	0.0	0.0	0.0	0.00313	0.0	0.0	0.0	0.0	0.0
s__GGB36850_SGB56170	0.0	0.0	0.0	0.0	0.0	0.0	0.0	0.0	0.00282	0.0	0.28144	0.04929	0.0	0.0
s__Actinobacteria_bacterium	0.0	0.0	0.0	0.0	0.0	0.0	0.0	0.0	0.00129	0.0	0.13045	0.04773	0.0	0.0
s__Denitrificimonas_caeni	0.0	0.0	0.0	0.0	0.0	0.0	0.0	0.0	0.0	2.30932	0.0	0.47129	0.0	0.0
s__Nitrososphaerales_unclassified_SGB122570	0.0	0.0	0.0	0.0	0.0	0.0	0.0	0.0	0.0	0.67195	0.135	0.76499	0.0	0.0
s__GGB87586_SGB122575	0.0	0.0	0.0	0.0	0.0	0.0	0.0	0.0	0.0	0.51224	0.26288	0.56719	0.0	0.0
s__Phytomonospora_endophytica	0.0	0.0	0.0	0.0	0.0	0.0	0.0	0.0	0.0	0.26899	0.0	0.0	0.0	0.0
s__GGB64273_SGB129139	0.0	0.0	0.0	0.0	0.0	0.0	0.0	0.0	0.0	0.19672	0.0	0.02953	0.0	0.0
s__Rhizobacter_sp_Root1221	0.0	0.0	0.0	0.0	0.0	0.0	0.0	0.0	0.0	0.08804	0.31602	0.0	0.0	0.0
s__GGB33998_SGB56062	0.0	0.0	0.0	0.0	0.0	0.0	0.0	0.0	0.0	0.0	1.09399	0.02696	0.0	0.0
s__GGB92448_SGB133122	0.0	0.0	0.0	0.0	0.0	0.0	0.0	0.0	0.0	0.0	0.96257	0.12049	0.0	0.0
s__GGB97328_SGB73517	0.0	0.0	0.0	0.0	0.0	0.0	0.0	0.0	0.0	0.0	0.83297	0.0	0.0	0.0
s__GGB49350_SGB69252	0.0	0.0	0.0	0.0	0.0	0.0	0.0	0.0	0.0	0.0	0.7455	0.11816	0.0	0.0
s__GGB15811_SGB24057	0.0	0.0	0.0	0.0	0.0	0.0	0.0	0.0	0.0	0.0	0.70889	0.04611	0.0	0.0
s__GGB32910_SGB85772	0.0	0.0	0.0	0.0	0.0	0.0	0.0	0.0	0.0	0.0	0.61013	0.0	0.0	0.0
s__GGB78298_SGB107406	0.0	0.0	0.0	0.0	0.0	0.0	0.0	0.0	0.0	0.0	0.52855	0.04938	0.0	0.0
s__GGB36712_SGB24061	0.0	0.0	0.0	0.0	0.0	0.0	0.0	0.0	0.0	0.0	0.48985	0.06505	0.0	0.0
s__GGB93409_SGB131987	0.0	0.0	0.0	0.0	0.0	0.0	0.0	0.0	0.0	0.0	0.47285	0.05144	0.0	0.0
s__GGB95721_SGB125699	0.0	0.0	0.0	0.0	0.0	0.0	0.0	0.0	0.0	0.0	0.47242	0.0	0.0	0.0
s__GGB15817_SGB24066	0.0	0.0	0.0	0.0	0.0	0.0	0.0	0.0	0.0	0.0	0.44871	0.05536	0.0	0.0
s__GGB49350_SGB131936	0.0	0.0	0.0	0.0	0.0	0.0	0.0	0.0	0.0	0.0	0.43937	0.0666	0.0	0.0
s__GGB49444_SGB69550	0.0	0.0	0.0	0.0	0.0	0.0	0.0	0.0	0.0	0.0	0.41722	0.49304	0.0	0.0
s__GGB15819_SGB24071	0.0	0.0	0.0	0.0	0.0	0.0	0.0	0.0	0.0	0.0	0.4093	0.0	0.0	0.0
s__GGB73405_SGB57195	0.0	0.0	0.0	0.0	0.0	0.0	0.0	0.0	0.0	0.0	0.40072	0.02024	0.0	0.0
s__GGB15827_SGB24079	0.0	0.0	0.0	0.0	0.0	0.0	0.0	0.0	0.0	0.0	0.38934	0.0	0.0	0.0
s__GGB93435_SGB131913	0.0	0.0	0.0	0.0	0.0	0.0	0.0	0.0	0.0	0.0	0.38824	0.03598	0.0	0.0
s__GGB26244_SGB38273	0.0	0.0	0.0	0.0	0.0	0.0	0.0	0.0	0.0	0.0	0.37472	0.07436	0.0	0.0
s__GGB92432_SGB133077	0.0	0.0	0.0	0.0	0.0	0.0	0.0	0.0	0.0	0.0	0.35795	0.06831	0.0	0.0
s__GGB40651_SGB56143	0.0	0.0	0.0	0.0	0.0	0.0	0.0	0.0	0.0	0.0	0.34138	0.05617	0.0	0.0
s__GGB74136_SGB132293	0.0	0.0	0.0	0.0	0.0	0.0	0.0	0.0	0.0	0.0	0.32036	0.0488	0.0	0.0
s__GGB52785_SGB73697	0.0	0.0	0.0	0.0	0.0	0.0	0.0	0.0	0.0	0.0	0.31764	0.1377	0.0	0.0
s__Streptomyces_bathyalis	0.0	0.0	0.0	0.0	0.0	0.0	0.0	0.0	0.0	0.0	0.30496	0.06508	0.0	0.0
s__GGB49444_SGB122585	0.0	0.0	0.0	0.0	0.0	0.0	0.0	0.0	0.0	0.0	0.29716	0.4312	0.0	0.0
s__GGB49350_SGB131930	0.0	0.0	0.0	0.0	0.0	0.0	0.0	0.0	0.0	0.0	0.29057	0.03036	0.0	0.0
s__GGB91348_SGB134887	0.0	0.0	0.0	0.0	0.0	0.0	0.0	0.0	0.0	0.0	0.28464	0.0	0.0	0.0
s__GGB52942_SGB52704	0.0	0.0	0.0	0.0	0.0	0.0	0.0	0.0	0.0	0.0	0.262	0.14391	0.0	0.0
s__GGB52662_SGB73546	0.0	0.0	0.0	0.0	0.0	0.0	0.0	0.0	0.0	0.0	0.25102	0.03052	0.0	0.0
s__GGB93324_SGB131738	0.0	0.0	0.0	0.0	0.0	0.0	0.0	0.0	0.0	0.0	0.24359	0.02374	0.0	0.0
s__GGB34048_SGB73551	0.0	0.0	0.0	0.0	0.0	0.0	0.0	0.0	0.0	0.0	0.23994	0.03623	0.0	0.0
s__GGB92602_SGB133320	0.0	0.0	0.0	0.0	0.0	0.0	0.0	0.0	0.0	0.0	0.2301	0.0	0.0	0.0
s__GGB61948_SGB84082	0.0	0.0	0.0	0.0	0.0	0.0	0.0	0.0	0.0	0.0	0.22698	0.00685	0.0	0.0
s__GGB66013_SGB89422	0.0	0.0	0.0	0.0	0.0	0.0	0.0	0.0	0.0	0.0	0.21686	0.07852	0.0	0.0
s__GGB94410_SGB128214	0.0	0.0	0.0	0.0	0.0	0.0	0.0	0.0	0.0	0.0	0.20275	0.20943	0.0	0.0
s__GGB8530_SGB13265	0.0	0.0	0.0	0.0	0.0	0.0	0.0	0.0	0.0	0.0	0.20151	0.12744	0.0	0.0
s__GGB14617_SGB22154	0.0	0.0	0.0	0.0	0.0	0.0	0.0	0.0	0.0	0.0	0.1895	0.00504	0.0	0.0
s__GGB32486_SGB56139	0.0	0.0	0.0	0.0	0.0	0.0	0.0	0.0	0.0	0.0	0.17014	0.01369	0.0	0.0
s__GGB32516_SGB56643	0.0	0.0	0.0	0.0	0.0	0.0	0.0	0.0	0.0	0.0	0.16688	0.05068	0.0	0.0
s__GGB6105_SGB8748	0.0	0.0	0.0	0.0	0.0	0.0	0.0	0.0	0.0	0.0	0.16249	0.08837	0.0	0.0
s__GGB95275_SGB130650	0.0	0.0	0.0	0.0	0.0	0.0	0.0	0.0	0.0	0.0	0.16163	0.01754	0.0	0.0
s__GGB44695_SGB62151	0.0	0.0	0.0	0.0	0.0	0.0	0.0	0.0	0.0	0.0	0.14986	0.15643	0.0	0.0
s__GGB94400_SGB128248	0.0	0.0	0.0	0.0	0.0	0.0	0.0	0.0	0.0	0.0	0.14981	0.02587	0.0	0.0
s__GGB94397_SGB128269	0.0	0.0	0.0	0.0	0.0	0.0	0.0	0.0	0.0	0.0	0.14791	0.01992	0.0	0.0
s__GGB34048_SGB56130	0.0	0.0	0.0	0.0	0.0	0.0	0.0	0.0	0.0	0.0	0.14668	0.0	0.0	0.0
s__GGB35532_SGB55446	0.0	0.0	0.0	0.0	0.0	0.0	0.0	0.0	0.0	0.0	0.14021	0.0	0.0	0.0
s__GGB64074_SGB86472	0.0	0.0	0.0	0.0	0.0	0.0	0.0	0.0	0.0	0.0	0.13894	0.00712	0.0	0.0
s__GGB49347_SGB128255	0.0	0.0	0.0	0.0	0.0	0.0	0.0	0.0	0.0	0.0	0.13326	0.0	0.0	0.0
s__GGB44129_SGB61523	0.0	0.0	0.0	0.0	0.0	0.0	0.0	0.0	0.0	0.0	0.12867	0.11215	0.0	0.0
s__GGB37354_SGB56640	0.0	0.0	0.0	0.0	0.0	0.0	0.0	0.0	0.0	0.0	0.12681	0.0	0.0	0.0
s__GGB94760_SGB129519	0.0	0.0	0.0	0.0	0.0	0.0	0.0	0.0	0.0	0.0	0.12442	0.09692	0.0	0.0
s__GGB73399_SGB52699	0.0	0.0	0.0	0.0	0.0	0.0	0.0	0.0	0.0	0.0	0.12087	0.06849	0.0	0.0
s__GGB36005_SGB55867	0.0	0.0	0.0	0.0	0.0	0.0	0.0	0.0	0.0	0.0	0.1182	0.07229	0.0	0.0
s__GGB52743_SGB73649	0.0	0.0	0.0	0.0	0.0	0.0	0.0	0.0	0.0	0.0	0.1031	0.02897	0.0	0.0
s__GGB94519_SGB128948	0.0	0.0	0.0	0.0	0.0	0.0	0.0	0.0	0.0	0.0	0.1026	0.05729	0.0	0.0
s__GGB90628_SGB127264	0.0	0.0	0.0	0.0	0.0	0.0	0.0	0.0	0.0	0.0	0.09878	0.00132	0.0	0.0
s__Thermoleophilum_album	0.0	0.0	0.0	0.0	0.0	0.0	0.0	0.0	0.0	0.0	0.09874	0.08712	0.0	0.0
s__GGB32011_SGB57187	0.0	0.0	0.0	0.0	0.0	0.0	0.0	0.0	0.0	0.0	0.09711	0.0	0.0	0.0
s__GGB39851_SGB89662	0.0	0.0	0.0	0.0	0.0	0.0	0.0	0.0	0.0	0.0	0.09374	0.00347	0.0	0.0
s__GGB26105_SGB38117	0.0	0.0	0.0	0.0	0.0	0.0	0.0	0.0	0.0	0.0	0.09048	0.04038	0.0	0.0
s__GGB95251_SGB130640	0.0	0.0	0.0	0.0	0.0	0.0	0.0	0.0	0.0	0.0	0.09031	0.0	0.0	0.0
s__GGB92817_SGB131160	0.0	0.0	0.0	0.0	0.0	0.0	0.0	0.0	0.0	0.0	0.08905	0.0	0.0	0.0
s__Bradyrhizobium_sp_200	0.0	0.0	0.0	0.0	0.0	0.0	0.0	0.0	0.0	0.0	0.08759	0.03014	0.0	0.0
s__GGB32034_SGB55853	0.0	0.0	0.0	0.0	0.0	0.0	0.0	0.0	0.0	0.0	0.08364	0.08135	0.0	0.0
s__GGB77687_SGB108590	0.0	0.0	0.0	0.0	0.0	0.0	0.0	0.0	0.0	0.0	0.08328	0.00333	0.0	0.0
s__GGB92565_SGB133354	0.0	0.0	0.0	0.0	0.0	0.0	0.0	0.0	0.0	0.0	0.08264	0.00437	0.0	0.0
s__GGB92400_SGB132999	0.0	0.0	0.0	0.0	0.0	0.0	0.0	0.0	0.0	0.0	0.08208	0.00645	0.0	0.0
s__Methyloceanibacter_superfactus	0.0	0.0	0.0	0.0	0.0	0.0	0.0	0.0	0.0	0.0	0.08145	0.02625	0.0	0.0
s__GGB15779_SGB24021	0.0	0.0	0.0	0.0	0.0	0.0	0.0	0.0	0.0	0.0	0.07685	0.00657	0.0	0.0
s__GGB78197_SGB107723	0.0	0.0	0.0	0.0	0.0	0.0	0.0	0.0	0.0	0.0	0.07216	0.01796	0.0	0.0
s__Bradyrhizobium_algeriense	0.0	0.0	0.0	0.0	0.0	0.0	0.0	0.0	0.0	0.0	0.07157	0.08605	0.0	0.0
s__GGB92434_SGB133094	0.0	0.0	0.0	0.0	0.0	0.0	0.0	0.0	0.0	0.0	0.0616	0.0	0.0	0.0
s__Mycolicibacterium_moriokaense	0.0	0.0	0.0	0.0	0.0	0.0	0.0	0.0	0.0	0.0	0.06035	0.02416	0.0	0.0
s__GGB69373_SGB93528	0.0	0.0	0.0	0.0	0.0	0.0	0.0	0.0	0.0	0.0	0.05412	0.0509	0.0	0.0
s__Solirubrobacter_sp_URHD0082	0.0	0.0	0.0	0.0	0.0	0.0	0.0	0.0	0.0	0.0	0.05055	0.04036	0.0	0.0
s__GGB64314_SGB86769	0.0	0.0	0.0	0.0	0.0	0.0	0.0	0.0	0.0	0.0	0.04856	0.05259	0.0	0.0
s__GGB41411_SGB55541	0.0	0.0	0.0	0.0	0.0	0.0	0.0	0.0	0.0	0.0	0.04549	0.02484	0.0	0.0
s__GGB52834_SGB73753	0.0	0.0	0.0	0.0	0.0	0.0	0.0	0.0	0.0	0.0	0.04351	0.00922	0.0	0.0
s__GGB61943_SGB84076	0.0	0.0	0.0	0.0	0.0	0.0	0.0	0.0	0.0	0.0	0.04341	0.0	0.0	0.0
s__Usitatibacter_palustris	0.0	0.0	0.0	0.0	0.0	0.0	0.0	0.0	0.0	0.0	0.04194	0.0	0.0	0.0
s__GGB94223_SGB129947	0.0	0.0	0.0	0.0	0.0	0.0	0.0	0.0	0.0	0.0	0.04157	0.02049	0.0	0.0
s__GGB92586_SGB133387	0.0	0.0	0.0	0.0	0.0	0.0	0.0	0.0	0.0	0.0	0.04107	0.0	0.0	0.0
s__Bradyrhizobium_sp_SRL28	0.0	0.0	0.0	0.0	0.0	0.0	0.0	0.0	0.0	0.0	0.04015	0.07103	0.0	0.0
s__Rhodoplanes_sp_Z2_YC6860	0.0	0.0	0.0	0.0	0.0	0.0	0.0	0.0	0.0	0.0	0.03968	0.00207	0.0	0.0
s__Conexibacter_sp_SYSU_D00693	0.0	0.0	0.0	0.0	0.0	0.0	0.0	0.0	0.0	0.0	0.03772	0.04019	0.0	0.0
s__GGB64208_SGB86622	0.0	0.0	0.0	0.0	0.0	0.0	0.0	0.0	0.0	0.0	0.03729	0.00974	0.0	0.0
s__Nocardia_vinacea	0.0	0.0	0.0	0.0	0.0	0.0	0.0	0.0	0.0	0.0	0.03616	0.0	0.0	0.0
s__GGB61947_SGB84081	0.0	0.0	0.0	0.0	0.0	0.0	0.0	0.0	0.0	0.0	0.03591	0.0	0.0	0.0
s__GGB94426_SGB128235	0.0	0.0	0.0	0.0	0.0	0.0	0.0	0.0	0.0	0.0	0.03547	0.02584	0.0	0.0
s__GGB38784_SGB73422	0.0	0.0	0.0	0.0	0.0	0.0	0.0	0.0	0.0	0.0	0.03376	0.0	0.0	0.0
s__Capillimicrobium_parvum	0.0	0.0	0.0	0.0	0.0	0.0	0.0	0.0	0.0	0.0	0.03298	0.01825	0.0	0.0
s__GGB52551_SGB73429	0.0	0.0	0.0	0.0	0.0	0.0	0.0	0.0	0.0	0.0	0.03215	0.0	0.0	0.0
s__Conexibacter_sp_S30A1	0.0	0.0	0.0	0.0	0.0	0.0	0.0	0.0	0.0	0.0	0.03125	0.0141	0.0	0.0
s__GGB32011_SGB57188	0.0	0.0	0.0	0.0	0.0	0.0	0.0	0.0	0.0	0.0	0.03053	0.0	0.0	0.0
s__GGB95316_SGB130713	0.0	0.0	0.0	0.0	0.0	0.0	0.0	0.0	0.0	0.0	0.03022	0.05196	0.0	0.0
s__Anaerosalibacter_bizertensis	0.0	0.0	0.0	0.0	0.0	0.0	0.0	0.0	0.0	0.0	0.03	0.0	0.0	0.0
s__Methyloceanibacter_marginalis	0.0	0.0	0.0	0.0	0.0	0.0	0.0	0.0	0.0	0.0	0.02935	0.00155	0.0	0.0
s__Streptomyces_sp_ISL_1	0.0	0.0	0.0	0.0	0.0	0.0	0.0	0.0	0.0	0.0	0.02899	0.0	0.0	0.0
s__GGB35955_SGB107750	0.0	0.0	0.0	0.0	0.0	0.0	0.0	0.0	0.0	0.0	0.02895	0.05941	0.0	0.0
s__Tenggerimyces_flavus	0.0	0.0	0.0	0.0	0.0	0.0	0.0	0.0	0.0	0.0	0.02838	0.0	0.0	0.0
s__GGB6105_SGB52710	0.0	0.0	0.0	0.0	0.0	0.0	0.0	0.0	0.0	0.0	0.02759	0.0	0.0	0.0
s__GGB35074_SGB52721	0.0	0.0	0.0	0.0	0.0	0.0	0.0	0.0	0.0	0.0	0.02716	0.0	0.0	0.0
s__GGB52788_SGB73701	0.0	0.0	0.0	0.0	0.0	0.0	0.0	0.0	0.0	0.0	0.02497	0.04413	0.0	0.0
s__GGB74527_SGB55643	0.0	0.0	0.0	0.0	0.0	0.0	0.0	0.0	0.0	0.0	0.02492	0.00184	0.0	0.0
s__Bradyrhizobium_lablabi	0.0	0.0	0.0	0.0	0.0	0.0	0.0	0.0	0.0	0.0	0.02383	0.00989	0.0	0.0
s__Rhodospirillales_bacterium_URHD0017	0.0	0.0	0.0	0.0	0.0	0.0	0.0	0.0	0.0	0.0	0.02336	0.0	0.0	0.0
s__GGB61494_SGB83575	0.0	0.0	0.0	0.0	0.0	0.0	0.0	0.0	0.0	0.0	0.02127	0.0	0.0	0.0
s__GGB64168_SGB86580	0.0	0.0	0.0	0.0	0.0	0.0	0.0	0.0	0.0	0.0	0.02069	0.01605	0.0	0.0
s__GGB66348_SGB89905	0.0	0.0	0.0	0.0	0.0	0.0	0.0	0.0	0.0	0.0	0.01975	0.0	0.0	0.0
s__GGB92597_SGB133367	0.0	0.0	0.0	0.0	0.0	0.0	0.0	0.0	0.0	0.0	0.01658	0.00597	0.0	0.0
s__GGB92448_SGB133121	0.0	0.0	0.0	0.0	0.0	0.0	0.0	0.0	0.0	0.0	0.0158	0.0	0.0	0.0
s__GGB52810_SGB73725	0.0	0.0	0.0	0.0	0.0	0.0	0.0	0.0	0.0	0.0	0.01461	0.00929	0.0	0.0
s__Paraconexibacter_sp_02_257	0.0	0.0	0.0	0.0	0.0	0.0	0.0	0.0	0.0	0.0	0.01443	0.01528	0.0	0.0
s__GGB89601_SGB125826	0.0	0.0	0.0	0.0	0.0	0.0	0.0	0.0	0.0	0.0	0.01387	0.0	0.0	0.0
s__Paraconexibacter_algicola	0.0	0.0	0.0	0.0	0.0	0.0	0.0	0.0	0.0	0.0	0.01276	0.01937	0.0	0.0
s__Rhabdothermincola_sediminis	0.0	0.0	0.0	0.0	0.0	0.0	0.0	0.0	0.0	0.0	0.01272	0.00344	0.0	0.0
s__GGB95110_SGB128512	0.0	0.0	0.0	0.0	0.0	0.0	0.0	0.0	0.0	0.0	0.0126	0.00687	0.0	0.0
s__Sporichthya_polymorpha	0.0	0.0	0.0	0.0	0.0	0.0	0.0	0.0	0.0	0.0	0.01251	0.0	0.0	0.0
s__GGB52789_SGB73702	0.0	0.0	0.0	0.0	0.0	0.0	0.0	0.0	0.0	0.0	0.01076	0.0228	0.0	0.0
s__GGB93945_SGB129816	0.0	0.0	0.0	0.0	0.0	0.0	0.0	0.0	0.0	0.0	0.01002	0.01621	0.0	0.0
s__GGB52678_SGB73566	0.0	0.0	0.0	0.0	0.0	0.0	0.0	0.0	0.0	0.0	0.0099	0.0	0.0	0.0
s__GGB93000_SGB131315	0.0	0.0	0.0	0.0	0.0	0.0	0.0	0.0	0.0	0.0	0.00956	0.0	0.0	0.0
s__GGB92573_SGB133340	0.0	0.0	0.0	0.0	0.0	0.0	0.0	0.0	0.0	0.0	0.00916	0.0	0.0	0.0
s__GGB45011_SGB62515	0.0	0.0	0.0	0.0	0.0	0.0	0.0	0.0	0.0	0.0	0.00841	0.0	0.0	0.0
s__Pelomicrobium_methylotrophicum	0.0	0.0	0.0	0.0	0.0	0.0	0.0	0.0	0.0	0.0	0.00789	0.0	0.0	0.0
s__Solirubrobacter_sp_CPCC_204708	0.0	0.0	0.0	0.0	0.0	0.0	0.0	0.0	0.0	0.0	0.0076	0.02041	0.0	0.0
s__GGB95522_SGB135135	0.0	0.0	0.0	0.0	0.0	0.0	0.0	0.0	0.0	0.0	0.00681	0.0	0.0	0.0
s__GGB37979_SGB86761	0.0	0.0	0.0	0.0	0.0	0.0	0.0	0.0	0.0	0.0	0.00677	0.0	0.0	0.0
s__Reyranella_soli	0.0	0.0	0.0	0.0	0.0	0.0	0.0	0.0	0.0	0.0	0.00635	0.0	0.0	0.0
s__GGB44095_SGB61478	0.0	0.0	0.0	0.0	0.0	0.0	0.0	0.0	0.0	0.0	0.00624	0.00444	0.0	0.0
s__Aquihabitans_sp_Kera_3	0.0	0.0	0.0	0.0	0.0	0.0	0.0	0.0	0.0	0.0	0.00584	0.0	0.0	0.0
s__GGB64272_SGB86721	0.0	0.0	0.0	0.0	0.0	0.0	0.0	0.0	0.0	0.0	0.00557	0.02982	0.0	0.0
s__GGB52622_SGB132851	0.0	0.0	0.0	0.0	0.0	0.0	0.0	0.0	0.0	0.0	0.00485	0.0	0.0	0.0
s__Conexibacter_sp_DBS9H8	0.0	0.0	0.0	0.0	0.0	0.0	0.0	0.0	0.0	0.0	0.00326	0.00932	0.0	0.0
s__Sulfurifustis_variabilis	0.0	0.0	0.0	0.0	0.0	0.0	0.0	0.0	0.0	0.0	0.00301	0.0	0.0	0.0
s__Stenotrophomonas_tumulicola	0.0	0.0	0.0	0.0	0.0	0.0	0.0	0.0	0.0	0.0	0.0	12.3396	0.0	0.0
s__Pseudomonas_nitrititolerans	0.0	0.0	0.0	0.0	0.0	0.0	0.0	0.0	0.0	0.0	0.0	10.96739	0.0	0.0
s__Simplicispira_suum	0.0	0.0	0.0	0.0	0.0	0.0	0.0	0.0	0.0	0.0	0.0	5.71628	0.0	0.0
s__Moheibacter_sediminis	0.0	0.0	0.0	0.0	0.0	0.0	0.0	0.0	0.0	0.0	0.0	3.75657	0.0	0.0
s__Alcaligenes_faecalis	0.0	0.0	0.0	0.0	0.0	0.0	0.0	0.0	0.0	0.0	0.0	1.07814	0.0	0.0
s__Simplicispira_SGB61893	0.0	0.0	0.0	0.0	0.0	0.0	0.0	0.0	0.0	0.0	0.0	1.00773	0.0	0.0
s__Stenotrophomonas_humi	0.0	0.0	0.0	0.0	0.0	0.0	0.0	0.0	0.0	0.0	0.0	0.8665	0.0	0.0
s__Rheinheimera_sp_YR1	0.0	0.0	0.0	0.0	0.0	0.0	0.0	0.0	0.0	0.0	0.0	0.643	0.0	0.0
s__Castellaniella_defragrans	0.0	0.0	0.0	0.0	0.0	0.0	0.0	0.0	0.0	0.0	0.0	0.63275	0.0	0.0
s__Brucella_pseudogrignonensis	0.0	0.0	0.0	0.0	0.0	0.0	0.0	0.0	0.0	0.0	0.0	0.42829	0.0	0.0
s__Savagea_serpentis	0.0	0.0	0.0	0.0	0.0	0.0	0.0	0.0	0.0	0.0	0.0	0.41887	0.0	0.0
s__Aquamicrobium_lusatiense	0.0	0.0	0.0	0.0	0.0	0.0	0.0	0.0	0.0	0.0	0.0	0.4089	0.0	0.0
s__Arthrobacter_pascens	0.0	0.0	0.0	0.0	0.0	0.0	0.0	0.0	0.0	0.0	0.0	0.40463	0.0	0.0
s__Clostridium_putrefaciens	0.0	0.0	0.0	0.0	0.0	0.0	0.0	0.0	0.0	0.0	0.0	0.35753	0.0	0.0
s__Rhodococcus_qingshengii	0.0	0.0	0.0	0.0	0.0	0.0	0.0	0.0	0.0	0.0	0.0	0.31193	0.0	0.0
s__Microbacterium_sp_NC79	0.0	0.0	0.0	0.0	0.0	0.0	0.0	0.0	0.0	0.0	0.0	0.29626	0.0	0.0
s__Pseudomonas_anguilliseptica	0.0	0.0	0.0	0.0	0.0	0.0	0.0	0.0	0.0	0.0	0.0	0.2412	0.0	0.0
s__Mycobacterium_virginiense	0.0	0.0	0.0	0.0	0.0	0.0	0.0	0.0	0.0	0.0	0.0	0.23596	0.0	0.0
s__Alcaligenes_aquatilis	0.0	0.0	0.0	0.0	0.0	0.0	0.0	0.0	0.0	0.0	0.0	0.20058	0.0	0.0
s__Devosia_ginsengisoli	0.0	0.0	0.0	0.0	0.0	0.0	0.0	0.0	0.0	0.0	0.0	0.1971	0.0	0.0
s__Nitrososphaerales_unclassified_SGB122562	0.0	0.0	0.0	0.0	0.0	0.0	0.0	0.0	0.0	0.0	0.0	0.16573	0.0	0.0
s__Pusillimonas_ginsengisoli	0.0	0.0	0.0	0.0	0.0	0.0	0.0	0.0	0.0	0.0	0.0	0.1509	0.0	0.0
s__Brevundimonas_terrae	0.0	0.0	0.0	0.0	0.0	0.0	0.0	0.0	0.0	0.0	0.0	0.13538	0.0	0.0
s__Gordonia_araii	0.0	0.0	0.0	0.0	0.0	0.0	0.0	0.0	0.0	0.0	0.0	0.12563	0.0	0.0
s__Aquamicrobium_aerolatum	0.0	0.0	0.0	0.0	0.0	0.0	0.0	0.0	0.0	0.0	0.0	0.11844	0.0	0.0
s__Microbacterium_liquefaciens	0.0	0.0	0.0	0.0	0.0	0.0	0.0	0.0	0.0	0.0	0.0	0.11354	0.0	0.0
s__Aquamicrobium_defluvii	0.0	0.0	0.0	0.0	0.0	0.0	0.0	0.0	0.0	0.0	0.0	0.10028	0.0	0.0
s__GGB53670_SGB74805	0.0	0.0	0.0	0.0	0.0	0.0	0.0	0.0	0.0	0.0	0.0	0.08957	0.0	0.0
s__Leucobacter_chromiireducens	0.0	0.0	0.0	0.0	0.0	0.0	0.0	0.0	0.0	0.0	0.0	0.07783	0.0	0.0
s__Rhizobium_sp_Root482	0.0	0.0	0.0	0.0	0.0	0.0	0.0	0.0	0.0	0.0	0.0	0.06538	0.0	0.0
s__Mesorhizobium_delmotii	0.0	0.0	0.0	0.0	0.0	0.0	0.0	0.0	0.0	0.0	0.0	0.06411	0.0	0.0
s__Nitrososphaerales_archaeon_TH5894	0.0	0.0	0.0	0.0	0.0	0.0	0.0	0.0	0.0	0.0	0.0	0.06119	0.0	0.0
s__Achromobacter_veterisilvae	0.0	0.0	0.0	0.0	0.0	0.0	0.0	0.0	0.0	0.0	0.0	0.05842	0.0	0.0
s__Sphingopyxis_granuli	0.0	0.0	0.0	0.0	0.0	0.0	0.0	0.0	0.0	0.0	0.0	0.0541	0.0	0.0
s__Pseudomonas_peli	0.0	0.0	0.0	0.0	0.0	0.0	0.0	0.0	0.0	0.0	0.0	0.05043	0.0	0.0
s__Bosea_sp_LC85	0.0	0.0	0.0	0.0	0.0	0.0	0.0	0.0	0.0	0.0	0.0	0.05004	0.0	0.0
s__Rhodanobacter_glycinis	0.0	0.0	0.0	0.0	0.0	0.0	0.0	0.0	0.0	0.0	0.0	0.04831	0.0	0.0
s__Achromobacter_pestifer	0.0	0.0	0.0	0.0	0.0	0.0	0.0	0.0	0.0	0.0	0.0	0.04625	0.0	0.0
s__Pseudomonas_SGB89046	0.0	0.0	0.0	0.0	0.0	0.0	0.0	0.0	0.0	0.0	0.0	0.04404	0.0	0.0
s__Streptomyces_montanus	0.0	0.0	0.0	0.0	0.0	0.0	0.0	0.0	0.0	0.0	0.0	0.04283	0.0	0.0
s__Pseudaminobacter_manganicus	0.0	0.0	0.0	0.0	0.0	0.0	0.0	0.0	0.0	0.0	0.0	0.04205	0.0	0.0
s__Phyllobacterium_brassicacearum	0.0	0.0	0.0	0.0	0.0	0.0	0.0	0.0	0.0	0.0	0.0	0.0395	0.0	0.0
s__Paenibacillus_sp_Soil522	0.0	0.0	0.0	0.0	0.0	0.0	0.0	0.0	0.0	0.0	0.0	0.03665	0.0	0.0
s__Proteus_vulgaris	0.0	0.0	0.0	0.0	0.0	0.0	0.0	0.0	0.0	0.0	0.0	0.03613	0.0	0.0
s__Simplicispira_hankyongi	0.0	0.0	0.0	0.0	0.0	0.0	0.0	0.0	0.0	0.0	0.0	0.03372	0.0	0.0
s__Pseudomonas_leptonychotis	0.0	0.0	0.0	0.0	0.0	0.0	0.0	0.0	0.0	0.0	0.0	0.03328	0.0	0.0
s__GGB53670_SGB122539	0.0	0.0	0.0	0.0	0.0	0.0	0.0	0.0	0.0	0.0	0.0	0.03304	0.0	0.0
s__Flavobacterium_sp_CF136	0.0	0.0	0.0	0.0	0.0	0.0	0.0	0.0	0.0	0.0	0.0	0.03083	0.0	0.0
s__GGB52783_SGB73694	0.0	0.0	0.0	0.0	0.0	0.0	0.0	0.0	0.0	0.0	0.0	0.02885	0.0	0.0
s__Rheinheimera_sp_D18	0.0	0.0	0.0	0.0	0.0	0.0	0.0	0.0	0.0	0.0	0.0	0.02487	0.0	0.0
s__Mycobacterium_heraklionense	0.0	0.0	0.0	0.0	0.0	0.0	0.0	0.0	0.0	0.0	0.0	0.02452	0.0	0.0
s__GGB35955_SGB129072	0.0	0.0	0.0	0.0	0.0	0.0	0.0	0.0	0.0	0.0	0.0	0.02265	0.0	0.0
s__GGB64277_SGB86730	0.0	0.0	0.0	0.0	0.0	0.0	0.0	0.0	0.0	0.0	0.0	0.0225	0.0	0.0
s__GGB64279_SGB86732	0.0	0.0	0.0	0.0	0.0	0.0	0.0	0.0	0.0	0.0	0.0	0.02184	0.0	0.0
s__Flavobacterium_sp_F_65	0.0	0.0	0.0	0.0	0.0	0.0	0.0	0.0	0.0	0.0	0.0	0.0217	0.0	0.0
s__Mycolicibacter_engbaekii	0.0	0.0	0.0	0.0	0.0	0.0	0.0	0.0	0.0	0.0	0.0	0.02134	0.0	0.0
s__Nitrososphaerales_unclassified_SGB122556	0.0	0.0	0.0	0.0	0.0	0.0	0.0	0.0	0.0	0.0	0.0	0.01981	0.0	0.0
s__Desulfovibrio_intestinalis	0.0	0.0	0.0	0.0	0.0	0.0	0.0	0.0	0.0	0.0	0.0	0.01834	0.0	0.0
s__Baekduia_soli	0.0	0.0	0.0	0.0	0.0	0.0	0.0	0.0	0.0	0.0	0.0	0.01772	0.0	0.0
s__GGB89562_SGB125918	0.0	0.0	0.0	0.0	0.0	0.0	0.0	0.0	0.0	0.0	0.0	0.01408	0.0	0.0
s__GGB34977_SGB55943	0.0	0.0	0.0	0.0	0.0	0.0	0.0	0.0	0.0	0.0	0.0	0.01398	0.0	0.0
s__Mycolicibacterium_sp_YH_1	0.0	0.0	0.0	0.0	0.0	0.0	0.0	0.0	0.0	0.0	0.0	0.01386	0.0	0.0
s__Eoetvoesia_caeni	0.0	0.0	0.0	0.0	0.0	0.0	0.0	0.0	0.0	0.0	0.0	0.0137	0.0	0.0
s__GGB14626_SGB22165	0.0	0.0	0.0	0.0	0.0	0.0	0.0	0.0	0.0	0.0	0.0	0.01246	0.0	0.0
s__Actinomarinicola_tropica	0.0	0.0	0.0	0.0	0.0	0.0	0.0	0.0	0.0	0.0	0.0	0.01232	0.0	0.0
s__Pseudomonas_guineae	0.0	0.0	0.0	0.0	0.0	0.0	0.0	0.0	0.0	0.0	0.0	0.01179	0.0	0.0
s__Aciditerrimonas_ferrireducens	0.0	0.0	0.0	0.0	0.0	0.0	0.0	0.0	0.0	0.0	0.0	0.01159	0.0	0.0
s__Bailinhaonella_thermotolerans	0.0	0.0	0.0	0.0	0.0	0.0	0.0	0.0	0.0	0.0	0.0	0.01117	0.0	0.0
s__Streptomyces_halstedii	0.0	0.0	0.0	0.0	0.0	0.0	0.0	0.0	0.0	0.0	0.0	0.00929	0.0	0.0
s__Castellaniella_caeni	0.0	0.0	0.0	0.0	0.0	0.0	0.0	0.0	0.0	0.0	0.0	0.00882	0.0	0.0
s__Sphaerisporangium_krabiense	0.0	0.0	0.0	0.0	0.0	0.0	0.0	0.0	0.0	0.0	0.0	0.00848	0.0	0.0
s__Salsipaludibacter_albus	0.0	0.0	0.0	0.0	0.0	0.0	0.0	0.0	0.0	0.0	0.0	0.00784	0.0	0.0
s__Solirubrobacter_pauli	0.0	0.0	0.0	0.0	0.0	0.0	0.0	0.0	0.0	0.0	0.0	0.00743	0.0	0.0
s__Hyphomicrobium_sulfonivorans	0.0	0.0	0.0	0.0	0.0	0.0	0.0	0.0	0.0	0.0	0.0	0.00684	0.0	0.0
s__Candidatus_Melainabacteria_bacterium	0.0	0.0	0.0	0.0	0.0	0.0	0.0	0.0	0.0	0.0	0.0	0.00561	0.0	0.0
s__GGB95167_SGB128533	0.0	0.0	0.0	0.0	0.0	0.0	0.0	0.0	0.0	0.0	0.0	0.00548	0.0	0.0
s__Aeromicrobium_terrae	0.0	0.0	0.0	0.0	0.0	0.0	0.0	0.0	0.0	0.0	0.0	0.00529	0.0	0.0
s__GGB64864_SGB107683	0.0	0.0	0.0	0.0	0.0	0.0	0.0	0.0	0.0	0.0	0.0	0.00521	0.0	0.0
s__GGB52809_SGB73724	0.0	0.0	0.0	0.0	0.0	0.0	0.0	0.0	0.0	0.0	0.0	0.00491	0.0	0.0
s__Flavobacterium_gelidilacus	0.0	0.0	0.0	0.0	0.0	0.0	0.0	0.0	0.0	0.0	0.0	0.00415	0.0	0.0
s__GGB94212_SGB130135	0.0	0.0	0.0	0.0	0.0	0.0	0.0	0.0	0.0	0.0	0.0	0.0039	0.0	0.0
s__GGB94145_SGB130183	0.0	0.0	0.0	0.0	0.0	0.0	0.0	0.0	0.0	0.0	0.0	0.00364	0.0	0.0
s__Anaerosalibacter_massiliensis	0.0	0.0	0.0	0.0	0.0	0.0	0.0	0.0	0.0	0.0	0.0	0.00335	0.0	0.0
s__Mycolicibacter_sp_MYC017	0.0	0.0	0.0	0.0	0.0	0.0	0.0	0.0	0.0	0.0	0.0	0.00221	0.0	0.0
s__Bradyrhizobium_sp_190	0.0	0.0	0.0	0.0	0.0	0.0	0.0	0.0	0.0	0.0	0.0	0.00202	0.0	0.0
s__GGB78165_SGB107680	0.0	0.0	0.0	0.0	0.0	0.0	0.0	0.0	0.0	0.0	0.0	0.00191	0.0	0.0
s__GGB64290_SGB129345	0.0	0.0	0.0	0.0	0.0	0.0	0.0	0.0	0.0	0.0	0.0	0.00147	0.0	0.0
s__Pseudonocardia_sp_DSM_110487	0.0	0.0	0.0	0.0	0.0	0.0	0.0	0.0	0.0	0.0	0.0	0.00117	0.0	0.0
